23 37
10 3 100 9953 0
22 20 100 9953 0
15 20 150 9953 0
3 14 400 2488 0
7 19 20050 2488 0 
10 11 400 2488 0
5 8 395 2488 0
7 17 6070 2488 10 
3 11 100 9953 0
13 19 70 9953 0
7 6 70 9953 0
8 9 100 9953 0
3 21 350 2488 0
10 16 250 2488 0
2 7 100 9953 0
14 13 1 2488 0
2 13 100 9953 0
1 3 70 9953 0
13 17 405 2488 0 
6 19 100 9953 0
12 22 1 2488 0
1 7 395 2488 0
2 4 70 9953 0
5 16 100 9953 0 
1 16 90 9953 0
23 17 70 9953 0
9 15 350 2488 0
20 17 400 2488 0
10 12 70 9953 10
2 18 100 9953 0
17 10 90 9953 0
21 7 70 9953 0
18 21 6400 2488 0 
4 16 395 2488 0
2 23 100 2488 0
16 9 150 9953 0
2 12 170 2488 0
0 0 0 0 0 0 1 0 0 1 0 1 0 0 0 0 1 0 0 0 0 0 0
